!-----------------------------------------------------------------------
NS	NR	TB
9	19   	6
!-----------------------------------------------------------------------
H2	O2	H2O	O	OH	H	HO2	H2O2	N2	
1	1	1 	1	1	1	1	1	1
!-----------------------------------------------------------------------
H2	O2	H2O	O	OH	H	HO2	H2O2	N2	
1.	1.	0.	0.	0.	0.	0.   	0.  	0. 
0.	0.	0.	0.	0.	1.	1.   	0.  	0. 
0.	1.	0.	0.	0.	1.	0.   	0.  	0. 
0.	0.	0.	1.	1.	0.	0.   	0.  	0. 
1.	0.	0.	1.	0.	0.	0.   	0.  	0. 
0.	0.	0.	0.	1.	1.	0.   	0.  	0. 
1.	0.	0.	0.	1.	0.	0.   	0.  	0. 
0.	0.	1.	0.	0.	1.	0.   	0.  	0. 
0.	0.	0.	0.	2.	0.	0.   	0.  	0. 
0.	0.	1.	1.	0.	0.	0.   	0.  	0. 
0.	0.	0.	0.	1.	1.	0.  	0.  	0. 
0.	0.	1.	0.	0.	0.	0.   	0.  	0. 
0.	0.	0.	0.	0.	2.	0.   	0.  	0. 
1.	0.	0.	0.	0.	0.	0.   	0.  	0. 
0.	0.	0.	1.	0.	1.	0.   	0.  	0. 
0.	0.	0.	0.	1.	0.	0.   	0.  	0. 
0.	1.	0.	0.	0.	1.	0.   	0.  	0. 
0.	0.	0.	0.	0.	0.	1.   	0.  	0. 
0.	0.	0.	2.	0.	0.	0.   	0.  	0. 
0.	1.	0.	0.	0.	0.	0.   	0.  	0. 
0.	0.	0.	0.	0.	1.	1.   	0.  	0. 
0.	0.	0.	0.	2.	0.	0.   	0.  	0. 
0.	0.	0.	0.	0.	1.	1.   	0.  	0. 
0.	0.	1.	1.	0.	0.	0.   	0.  	0. 
0.	0.	0.	1.	0.	0.	1.   	0.  	0. 
0.	1.	0.	0.	1.	0.	0.   	0.  	0. 
0.	0.	0.	0.	1.	0.	1.   	0.  	0. 
0.	1.	1.	0.	0.	0.	0.   	0.  	0. 
0.	0.	0.	0.	0.	0.	2.   	0.  	0. 
0.	1.	0.	0.	0.	0.	0.   	1.  	0. 
0.	0.	0.	0.	0.	1.	0.   	1.  	0. 
1.	0.	0.	0.	0.	0.	1.   	0.  	0. 
0.	0.	0.	1.	0.	0.	0.   	1.  	0. 
0.	0.	0.	0.	1.	0.	1.   	0.  	0.
0.	0.	0.	0.	1.	0.	0.   	1.  	0. 
0.	0.	1.	0.	0.	0.	1.   	0.  	0. 
0.	0.	0.	0.	0.	0.	0.   	1.  	0. 
0.	0.	0.	0.	2.	0.	0.   	0.  	0. 
!-----------------------------------------------------------------------
Re.	Afi	Bfi	Efi		
1	1.0E14	0.00	5.603101560E4                      
2    	2.6E14	0.00	1.680930460E4                      
3    	1.8E10	1.00	0.890493920E4                      
4    	2.2E13	0.00	0.515284730E4                      
5    	6.3E12	0.00	0.109060460E4                      
6    	2.2E22	-2.00	0.00                                                 
7    	6.4E17	-1.00	0.00                      
8    	6.0E16	-0.60	0.00                      
9    	2.1E15	0.00	-0.100055380E4                      
10   	6.0E13	0.00	-0.180099690E4                      
11   	1.4E14	0.00	0.108059020E4                      
12   	1.0E13	0.00	0.108059020E4                      
13   	1.5E13	0.00	0.095052110E4                      
14   	8.0E12	0.00	0.00                      
15   	2.0E12	0.00	0.00                      
16   	1.4E12	0.00	0.360199380E4                      
17   	1.4E13	0.00	0.640354460E4                      
18   	6.1E12	0.00	0.143079890E4                      
19   	1.2E17	0.00	4.552521010E4  
!-----------------------------------------------------------------------                   
Third-body reactions & its coefficiencies		 
Re.	H2	O2	H2O	O	OH	H	HO2	H2O2	N2
6	1.	1.	6.	1.	1.	1.	1.   	1.  	1.
7	2.	1.	6.	1.	1.	1.	1.   	1.  	1.
8	1.	1.	5.	1.	1.	1.	1.   	1.  	1.
9	2.	1.	16.	1.	1.	1.	1.   	1.  	1.
10	1.	1.	1.	1.	1.	1.	1.	1.	1.
19	1.	1.	15.	1.	1.	1.	1.   	1.  	1.
!-----------------------------------------------------------------------  
H2	O2	H2O	O	OH	H	HO2	H2O2	N2	
2	1	0	0	0	0	0	0	3.76