!--------------------------------------------------------------------------------------------------
NS	NR	TB
11	19   	5
!-----------------------------------------------------------------------
H	O	H2O	OH	O2	H2	H2O2	HO2	N2	Ar	He
1	1	1 	1	1	1	1	1	1	1	1
!-----------------------------------------------------------------------
H	O	H2O	OH	O2	H2	H2O2	HO2	N2	Ar 	He
0.	0.	0.	0.	1.	1.	0.   	0.  	0. 	0. 	0. 
0.	0.	0.	2.	0.	0.	0.   	0.  	0. 	0. 	0.
1.	0.	0.	0.	1.	0.	0.   	0.  	0. 	0. 	0. 
0.	1.	0.	1.	0.	0.	0.   	0.  	0. 	0. 	0.
0.	1.	0.	0.	0.	1.	0.   	0.  	0. 	0. 	0. 
1.	0.	0.	1.	0.	0.	0.   	0.  	0. 	0. 	0.
0.	0.	0.	1.	0.	1.	0.   	0.  	0. 	0. 	0.
1.	0.	1.	0.	0.	0.	0.   	0.  	0. 	0. 	0.            
0.	0.	0.	2.	0.	0.	0.   	0.  	0. 	0. 	0.        	
0.	1.	1.	0.	0.	0.	0.   	0.  	0. 	0. 	0.
1.	0.	0.	1.	0.	0.	0.  	0.  	0. 	0. 	0.
0.	0.	1.	0.	0.	0.	0.   	0.  	0. 	0.	0.
2.	0.	0.	0.	0.	0.	0.   	0.  	0. 	0. 	0.
0.	0.	0.	0.	0.	1.	0.   	0.  	0. 	0. 	0.
1.	1.	0.	0.	0.	0.	0.   	0.  	0. 	0. 	0.        
0.	0.	0.	1.	0.	0.	0.   	0.  	0. 	0. 	0.
1.	0.	0.	0.	1.	0.	0.   	0.  	0. 	0. 	0.        
0.	0.	0.	0.	0.	0.	0.   	1.  	0. 	0. 	0.
1.	0.	0.	0.	0.	0.	0.   	1.  	0. 	0. 	0.     
0.	0.	0.	0.	1.	1.	0.   	0.  	0. 	0. 	0.
1.	0.	0.	0.	0.	0.	0.   	1.  	0. 	0. 	0.        
0.	0.	0.	2.	0.	0.	0.   	0.  	0. 	0. 	0.
1.	0.	0.	0.	0.	0.	0.   	1.  	0. 	0. 	0.        
0.	1.	1.	0.	0.	0.	0.   	0.  	0. 	0. 	0.
0.	1.	0.	0.	0.	0.	0.   	1.  	0. 	0. 	0.        	
0.	0.	0.	1.	1.	0.	0.   	0.  	0. 	0. 	0.
0.	0.	0.	1.	0.	0.	0.   	1.  	0. 	0. 	0.         
0.	0.	1.	0.	1.	0.	0.   	0.  	0. 	0. 	0.
0.	0.	0.	0.	0.	0.	0.   	2.  	0. 	0. 	0.       	
0.	0.	0.	0.	1.	0.	1.   	0.  	0. 	0. 	0.
1.	0.	0.	0.	0.	0.	1.   	0.  	0. 	0. 	0.      	
0.	0.	0.	0.	0.	1.	0.   	1.  	0. 	0. 	0.
0.	1.	0.	0.	0.	0.	1.   	0.  	0. 	0. 	0.      
0.	0.	0.	1.	0.	0.	0.   	1.  	0. 	0. 	0.
0.	0.	0.	1.	0.	0.	1.   	0.  	0. 	0. 	0.        	
0.	0.	1.	0.	0.	0.	0.   	1.  	0. 	0. 	0.
0.	0.	0.	0.	0.	0.	1.   	0.  	0. 	0. 	0.        	
0.	0.	0.	2.	0.	0.	0.   	0.  	0. 	0. 	0.
!-----------------------------------------------------------------------
Re.	Afi	Bfi	Efi		
1	1.70E+11	0.00    	48000
2	2.60E+14	0.00    	16800
3	1.80E+10	1.00     	8900
4	2.20E+13	0.00     	5150
5	6.30E+12	0.00     	1090
6	2.20E+22	-2.00	0
7	6.40E+17	-1.00	0
8	6.00E+16	-0.60	0
9    	2.10E+15	0.00	-1000
10  	1.30E+13	0.00	0
11   	1.40E+14	0.00	1080
12  	1.00E+13	0.00	1080
13   	1.50E+13	0.00	950
14   	8.00E+12	0.00        	0
15  	2.00E+12	0.00        	0
16  	1.40E+12	0.00     	3600
17  	1.40E+13	0.00     	6400
18  	6.10E+12	0.00     	1430
19   	1.20E+17	0.00	45500
!-----------------------------------------------------------------------                   
Third-body reactions & its coefficiencies		 
Re.	H	O	H2O	OH	O2	H2	H2O2 	HO2 	N2	Ar 	He
6	1.	1.	6.	1.	1.	1.	1.   	1.  	1.	1. 	1.  
7	1.	1.	6.	1.	1.	2.	1.   	1.  	1.	1. 	1.
8	1.	1.	5.	1.	1.	1.	1.   	1.  	1.	1. 	1.
9	1.	1.	16.	1.	1.	2.	1.   	1.  	1.	1. 	1.
19	1.	1.	15.	1.	1.	1.	1.   	1.  	1.	1. 	1.  
!---------------------------------------------------------------------------
H	O	H2O	OH	O2	H2	H2O2	HO2	N2	Ar	He
0	0	0	0	1	2	0	0	3.76	0	0

!---------------------------------------------------------------------------
1	0.	0.	0.	0.	1.	1.	0.   	0.  	0. 	0. 	0.        	H2+O2<=>2OH
1	0.	0.	0.	2.	0.	0.	0.   	0.  	0. 	0. 	0.
2	1.	0.	0.	0.	1.	0.	0.   	0.  	0. 	0. 	0.       	H+O2<=>OH+O 
2	0.	1.	0.	1.	0.	0.	0.   	0.  	0. 	0. 	0.
3	0.	1.	0.	0.	0.	1.	0.   	0.  	0. 	0. 	0.        	O+H2<=>OH+H 
3	1.	0.	0.	1.	0.	0.	0.   	0.  	0. 	0. 	0.           
4	0.	0.	0.	1.	0.	1.	0.   	0.  	0. 	0. 	0.        	OH+H2<=>H2O+H
4	1.	0.	1.	0.	0.	0.	0.   	0.  	0. 	0. 	0.            
5	0.	0.	0.	2.	0.	0.	0.   	0.  	0. 	0. 	0.        	2OH<=>H2O+O   
5	0.	1.	1.	0.	0.	0.	0.   	0.  	0. 	0. 	0.
6	1.	0.	0.	1.	0.	0.	0.  	0.  	0. 	0. 	0.	H+OH+M<=>H2O+M                          
6	0.	0.	1.	0.	0.	0.	0.   	0.  	0. 	0.	0.
7	2.	0.	0.	0.	0.	0.	0.   	0.  	0. 	0. 	0.       	2H+M<=>H2+M  
7	0.	0.	0.	0.	0.	1.	0.   	0.  	0. 	0. 	0.
8	1.	1.	0.	0.	0.	0.	0.   	0.  	0. 	0. 	0.        	H+O+M<=>OH+M 
8	0.	0.	0.	1.	0.	0.	0.   	0.  	0. 	0. 	0.
9	1.	0.	0.	0.	1.	0.	0.   	0.  	0. 	0. 	0.        	H+O2+M<=>HO2+M
9	0.	0.	0.	0.	0.	0.	0.   	1.  	0. 	0. 	0.
10	1.	0.	0.	0.	0.	0.	0.   	1.  	0. 	0. 	0.       	HO2+H<=>H2+O2 
10	0.	0.	0.	0.	1.	1.	0.   	0.  	0. 	0. 	0.
11	1.	0.	0.	0.	0.	0.	0.   	1.  	0. 	0. 	0.        	HO2+H<=>2OH
11	0.	0.	0.	2.	0.	0.	0.   	0.  	0. 	0. 	0.
12	1.	0.	0.	0.	0.	0.	0.   	1.  	0. 	0. 	0.        	HO2+H<=>H2O+O
12	0.	1.	1.	0.	0.	0.	0.   	0.  	0. 	0. 	0.
13	0.	1.	0.	0.	0.	0.	0.   	1.  	0. 	0. 	0.        	HO2+O<=>O2+OH
13	0.	0.	0.	1.	1.	0.	0.   	0.  	0. 	0. 	0.
14	0.	0.	0.	1.	0.	0.	0.   	1.  	0. 	0. 	0.        	HO2+OH<=>H2O+O2  
14	0.	0.	1.	0.	1.	0.	0.   	0.  	0. 	0. 	0.
15	0.	0.	0.	0.	0.	0.	0.   	2.  	0. 	0. 	0.       	2HO2<=>H2O2+O2 
15	0.	0.	0.	0.	1.	0.	1.   	0.  	0. 	0. 	0.
16	1.	0.	0.	0.	0.	0.	1.   	0.  	0. 	0. 	0.      	H+H2O2<=>H2+HO2
16	0.	0.	0.	0.	0.	1.	0.   	1.  	0. 	0. 	0.
17	0.	1.	0.	0.	0.	0.	1.   	0.  	0. 	0. 	0.       	O+H2O2<=>OH+HO2 
17	0.	0.	0.	1.	0.	0.	0.   	1.  	0. 	0. 	0.
18	0.	0.	0.	1.	0.	0.	1.   	0.  	0. 	0. 	0.        	OH+H2O2<=>H2O+HO2
18	0.	0.	1.	0.	0.	0.	0.   	1.  	0. 	0. 	0.
19	0.	0.	0.	0.	0.	0.	1.   	0.  	0. 	0. 	0.        	M+H2O2<=>2OH+M
19	0.	0.	0.	2.	0.	0.	0.   	0.  	0. 	0. 	0.
